[[[243  37]]

 [[242  38]]

 [[241  38]]

 [[240  38]]

 [[239  38]]

 [[238  38]]

 [[237  39]]

 [[236  39]]

 [[235  39]]

 [[234  40]]

 [[233  40]]

 [[232  41]]

 [[231  42]]

 [[230  42]]

 [[229  43]]

 [[228  44]]

 [[227  45]]

 [[227  46]]

 [[226  47]]

 [[225  48]]

 [[224  49]]

 [[224  50]]

 [[223  51]]

 [[222  52]]

 [[222  53]]

 [[221  54]]

 [[220  55]]

 [[220  56]]

 [[219  57]]

 [[219  58]]

 [[218  59]]

 [[217  60]]

 [[217  61]]

 [[216  62]]

 [[215  63]]

 [[215  64]]

 [[214  65]]

 [[214  66]]

 [[213  67]]

 [[213  68]]

 [[212  69]]

 [[211  70]]

 [[211  71]]

 [[210  72]]

 [[210  73]]

 [[209  74]]

 [[208  75]]

 [[208  76]]

 [[207  77]]

 [[207  78]]

 [[206  79]]

 [[205  80]]

 [[205  81]]

 [[204  82]]

 [[204  83]]

 [[203  84]]

 [[202  85]]

 [[202  86]]

 [[201  87]]

 [[201  88]]

 [[200  89]]

 [[199  90]]

 [[199  91]]

 [[198  92]]

 [[198  93]]

 [[197  94]]

 [[196  95]]

 [[196  96]]

 [[195  97]]

 [[195  98]]

 [[194  99]]

 [[193 100]]

 [[193 101]]

 [[192 102]]

 [[192 103]]

 [[191 104]]

 [[190 105]]

 [[190 106]]

 [[189 107]]

 [[189 108]]

 [[188 109]]

 [[187 110]]

 [[187 111]]

 [[186 112]]

 [[185 113]]

 [[185 114]]

 [[184 115]]

 [[184 116]]

 [[183 117]]

 [[182 118]]

 [[182 119]]

 [[181 120]]

 [[181 121]]

 [[180 122]]

 [[179 123]]

 [[179 124]]

 [[178 125]]

 [[178 126]]

 [[177 127]]

 [[176 128]]

 [[176 129]]

 [[175 130]]

 [[175 131]]

 [[174 132]]

 [[173 133]]

 [[173 134]]

 [[172 135]]

 [[172 136]]

 [[171 137]]

 [[170 138]]

 [[170 139]]

 [[169 140]]

 [[169 141]]

 [[168 142]]

 [[167 143]]

 [[167 144]]

 [[166 145]]

 [[166 146]]

 [[165 147]]

 [[164 148]]

 [[164 149]]

 [[163 150]]

 [[163 151]]

 [[162 152]]

 [[161 153]]

 [[161 154]]

 [[160 155]]

 [[160 156]]

 [[159 157]]

 [[158 158]]

 [[158 159]]

 [[157 160]]

 [[157 161]]

 [[156 162]]

 [[155 163]]

 [[155 164]]

 [[154 165]]

 [[154 166]]

 [[153 167]]

 [[152 168]]

 [[152 169]]

 [[151 170]]

 [[151 171]]

 [[150 172]]

 [[149 173]]

 [[149 174]]

 [[148 175]]

 [[148 176]]

 [[147 177]]

 [[146 178]]

 [[146 179]]

 [[145 180]]

 [[145 181]]

 [[144 182]]

 [[143 183]]

 [[143 184]]

 [[142 185]]

 [[142 186]]

 [[141 187]]

 [[140 188]]

 [[140 189]]

 [[139 190]]

 [[138 191]]

 [[138 192]]

 [[137 193]]

 [[137 194]]

 [[136 195]]

 [[136 196]]

 [[136 197]]

 [[135 198]]

 [[134 199]]

 [[133 200]]

 [[133 201]]

 [[132 202]]

 [[131 203]]

 [[131 204]]

 [[130 205]]

 [[129 206]]

 [[129 207]]

 [[128 208]]

 [[127 209]]

 [[127 210]]

 [[126 211]]

 [[126 212]]

 [[125 213]]

 [[124 214]]

 [[124 215]]

 [[123 216]]

 [[123 217]]

 [[122 218]]

 [[122 219]]

 [[121 220]]

 [[120 221]]

 [[120 222]]

 [[119 223]]

 [[118 224]]

 [[118 225]]

 [[117 226]]

 [[117 227]]

 [[116 228]]

 [[115 229]]

 [[115 230]]

 [[114 231]]

 [[114 232]]

 [[113 233]]

 [[113 234]]

 [[112 235]]

 [[111 236]]

 [[111 237]]

 [[110 238]]

 [[110 239]]

 [[110 240]]

 [[109 241]]

 [[109 242]]

 [[108 243]]

 [[108 244]]

 [[108 245]]

 [[107 246]]

 [[107 247]]

 [[107 248]]

 [[107 249]]

 [[107 250]]

 [[107 251]]

 [[107 252]]

 [[107 253]]

 [[107 254]]

 [[107 255]]

 [[107 256]]

 [[107 257]]

 [[107 258]]

 [[107 259]]

 [[108 260]]

 [[108 261]]

 [[108 262]]

 [[109 263]]

 [[109 264]]

 [[110 265]]

 [[110 266]]

 [[111 267]]

 [[112 268]]

 [[113 269]]

 [[113 270]]

 [[114 271]]

 [[115 271]]

 [[116 272]]

 [[117 273]]

 [[118 274]]

 [[119 274]]

 [[120 275]]

 [[121 276]]

 [[122 276]]

 [[123 277]]

 [[124 278]]

 [[125 278]]

 [[126 279]]

 [[127 279]]

 [[128 280]]

 [[129 281]]

 [[130 281]]

 [[131 282]]

 [[132 282]]

 [[133 283]]

 [[134 284]]

 [[135 284]]

 [[136 285]]

 [[137 285]]

 [[138 286]]

 [[139 286]]

 [[140 287]]

 [[141 288]]

 [[142 288]]

 [[143 289]]

 [[144 289]]

 [[145 290]]

 [[146 290]]

 [[147 291]]

 [[148 292]]

 [[149 292]]

 [[150 293]]

 [[151 293]]

 [[152 294]]

 [[153 295]]

 [[154 295]]

 [[155 296]]

 [[156 296]]

 [[157 297]]

 [[158 297]]

 [[159 298]]

 [[160 299]]

 [[161 299]]

 [[162 300]]

 [[163 300]]

 [[164 301]]

 [[165 302]]

 [[166 302]]

 [[167 303]]

 [[168 303]]

 [[169 304]]

 [[170 305]]

 [[171 305]]

 [[172 306]]

 [[173 306]]

 [[174 307]]

 [[175 307]]

 [[176 308]]

 [[177 309]]

 [[178 309]]

 [[179 310]]

 [[180 310]]

 [[181 311]]

 [[182 312]]

 [[183 312]]

 [[184 313]]

 [[185 313]]

 [[186 314]]

 [[187 315]]

 [[188 315]]

 [[189 316]]

 [[190 316]]

 [[191 317]]

 [[192 317]]

 [[193 318]]

 [[194 319]]

 [[195 319]]

 [[196 320]]

 [[197 320]]

 [[198 321]]

 [[199 322]]

 [[200 322]]

 [[201 323]]

 [[202 323]]

 [[203 324]]

 [[204 325]]

 [[205 325]]

 [[206 326]]

 [[207 326]]

 [[208 327]]

 [[209 327]]

 [[210 328]]

 [[211 329]]

 [[212 329]]

 [[213 330]]

 [[214 330]]

 [[215 331]]

 [[216 332]]

 [[217 332]]

 [[218 333]]

 [[219 333]]

 [[220 334]]

 [[221 335]]

 [[222 335]]

 [[223 336]]

 [[224 336]]

 [[225 337]]

 [[226 337]]

 [[227 338]]

 [[228 339]]

 [[229 339]]

 [[230 340]]

 [[231 340]]

 [[232 341]]

 [[233 342]]

 [[234 342]]

 [[235 343]]

 [[236 343]]

 [[237 344]]

 [[238 345]]

 [[239 345]]

 [[240 346]]

 [[241 346]]

 [[242 347]]

 [[243 348]]

 [[244 348]]

 [[245 349]]

 [[246 349]]

 [[247 350]]

 [[248 350]]

 [[249 351]]

 [[250 352]]

 [[251 352]]

 [[252 353]]

 [[253 353]]

 [[254 353]]

 [[255 354]]

 [[256 355]]

 [[257 356]]

 [[258 356]]

 [[259 357]]

 [[260 357]]

 [[261 358]]

 [[262 359]]

 [[263 359]]

 [[264 360]]

 [[265 361]]

 [[266 361]]

 [[267 362]]

 [[268 362]]

 [[269 363]]

 [[270 363]]

 [[271 364]]

 [[272 365]]

 [[273 365]]

 [[274 366]]

 [[275 366]]

 [[276 367]]

 [[277 368]]

 [[278 368]]

 [[279 369]]

 [[280 369]]

 [[281 370]]

 [[282 370]]

 [[283 371]]

 [[284 372]]

 [[285 372]]

 [[286 373]]

 [[287 373]]

 [[288 374]]

 [[289 375]]

 [[290 375]]

 [[291 376]]

 [[292 376]]

 [[293 377]]

 [[294 378]]

 [[295 378]]

 [[296 379]]

 [[297 379]]

 [[298 380]]

 [[299 380]]

 [[300 381]]

 [[301 382]]

 [[302 382]]

 [[303 383]]

 [[304 383]]

 [[305 384]]

 [[306 385]]

 [[307 385]]

 [[308 386]]

 [[309 386]]

 [[310 387]]

 [[311 388]]

 [[312 388]]

 [[313 389]]

 [[314 389]]

 [[315 390]]

 [[316 390]]

 [[317 391]]

 [[318 392]]

 [[319 392]]

 [[320 393]]

 [[321 393]]

 [[322 394]]

 [[323 395]]

 [[324 395]]

 [[325 396]]

 [[326 396]]

 [[327 397]]

 [[328 397]]

 [[329 398]]

 [[330 399]]

 [[331 399]]

 [[332 400]]

 [[333 400]]

 [[334 401]]

 [[335 402]]

 [[336 402]]

 [[337 403]]

 [[338 403]]

 [[339 404]]

 [[340 405]]

 [[341 405]]

 [[342 406]]

 [[343 406]]

 [[344 407]]

 [[345 408]]

 [[346 408]]

 [[347 409]]

 [[348 409]]

 [[349 410]]

 [[350 411]]

 [[351 411]]

 [[352 412]]

 [[353 412]]

 [[354 413]]

 [[355 414]]

 [[356 414]]

 [[357 415]]

 [[358 415]]

 [[359 416]]

 [[360 417]]

 [[361 417]]

 [[362 418]]

 [[363 418]]

 [[364 419]]

 [[365 420]]

 [[366 420]]

 [[367 421]]

 [[368 421]]

 [[369 422]]

 [[370 422]]

 [[371 423]]

 [[372 424]]

 [[373 424]]

 [[374 425]]

 [[375 425]]

 [[376 426]]

 [[377 427]]

 [[378 427]]

 [[379 428]]

 [[380 428]]

 [[381 429]]

 [[382 430]]

 [[383 430]]

 [[384 431]]

 [[385 431]]

 [[386 432]]

 [[387 433]]

 [[388 433]]

 [[389 434]]

 [[390 434]]

 [[391 435]]

 [[392 435]]

 [[393 436]]

 [[394 436]]

 [[395 437]]

 [[396 438]]

 [[397 438]]

 [[398 439]]

 [[399 439]]

 [[400 439]]

 [[401 440]]

 [[402 440]]

 [[403 440]]

 [[404 441]]

 [[405 441]]

 [[406 441]]

 [[407 442]]

 [[408 442]]

 [[409 442]]

 [[410 442]]

 [[411 442]]

 [[412 442]]

 [[413 442]]

 [[414 442]]

 [[415 442]]

 [[416 442]]

 [[417 442]]

 [[418 441]]

 [[419 441]]

 [[420 440]]

 [[421 440]]

 [[422 439]]

 [[423 439]]

 [[424 438]]

 [[425 437]]

 [[426 437]]

 [[427 436]]

 [[428 435]]

 [[429 434]]

 [[430 433]]

 [[431 432]]

 [[432 431]]

 [[432 430]]

 [[433 429]]

 [[434 428]]

 [[434 427]]

 [[435 426]]

 [[436 425]]

 [[436 424]]

 [[437 423]]

 [[438 422]]

 [[438 421]]

 [[439 420]]

 [[439 419]]

 [[440 418]]

 [[441 417]]

 [[441 416]]

 [[442 415]]

 [[443 414]]

 [[443 413]]

 [[444 412]]

 [[444 411]]

 [[445 410]]

 [[446 409]]

 [[446 408]]

 [[447 407]]

 [[448 406]]

 [[448 405]]

 [[449 404]]

 [[449 403]]

 [[450 402]]

 [[451 401]]

 [[451 400]]

 [[452 399]]

 [[452 398]]

 [[453 397]]

 [[454 396]]

 [[454 395]]

 [[455 394]]

 [[455 393]]

 [[456 392]]

 [[457 391]]

 [[457 390]]

 [[458 389]]

 [[459 388]]

 [[459 387]]

 [[460 386]]

 [[460 385]]

 [[461 384]]

 [[462 383]]

 [[462 382]]

 [[463 381]]

 [[463 380]]

 [[464 379]]

 [[465 378]]

 [[465 377]]

 [[466 376]]

 [[466 375]]

 [[467 374]]

 [[468 373]]

 [[468 372]]

 [[469 371]]

 [[470 370]]

 [[470 369]]

 [[471 368]]

 [[471 367]]

 [[472 366]]

 [[473 365]]

 [[473 364]]

 [[474 363]]

 [[474 362]]

 [[475 361]]

 [[476 360]]

 [[476 359]]

 [[477 358]]

 [[477 357]]

 [[478 356]]

 [[479 355]]

 [[479 354]]

 [[480 353]]

 [[481 352]]

 [[481 351]]

 [[482 350]]

 [[482 349]]

 [[483 348]]

 [[484 347]]

 [[484 346]]

 [[485 345]]

 [[485 344]]

 [[486 343]]

 [[487 342]]

 [[487 341]]

 [[488 340]]

 [[489 339]]

 [[489 338]]

 [[490 337]]

 [[490 336]]

 [[491 335]]

 [[492 334]]

 [[492 333]]

 [[493 332]]

 [[493 331]]

 [[494 330]]

 [[495 329]]

 [[495 328]]

 [[496 327]]

 [[497 326]]

 [[497 325]]

 [[498 324]]

 [[498 323]]

 [[499 322]]

 [[499 321]]

 [[500 320]]

 [[501 319]]

 [[501 318]]

 [[502 317]]

 [[503 316]]

 [[503 315]]

 [[504 314]]

 [[504 313]]

 [[505 312]]

 [[506 311]]

 [[506 310]]

 [[507 309]]

 [[507 308]]

 [[508 307]]

 [[509 306]]

 [[509 305]]

 [[510 304]]

 [[511 303]]

 [[511 302]]

 [[512 301]]

 [[512 300]]

 [[513 299]]

 [[514 298]]

 [[514 297]]

 [[515 296]]

 [[516 295]]

 [[516 294]]

 [[517 293]]

 [[517 292]]

 [[518 291]]

 [[519 290]]

 [[519 289]]

 [[520 288]]

 [[520 287]]

 [[521 286]]

 [[522 285]]

 [[522 284]]

 [[523 283]]

 [[524 282]]

 [[524 281]]

 [[525 280]]

 [[525 279]]

 [[526 278]]

 [[527 277]]

 [[527 276]]

 [[528 275]]

 [[528 274]]

 [[529 273]]

 [[530 272]]

 [[530 271]]

 [[531 270]]

 [[532 269]]

 [[532 268]]

 [[533 267]]

 [[533 266]]

 [[534 265]]

 [[535 264]]

 [[535 263]]

 [[536 262]]

 [[537 261]]

 [[537 260]]

 [[538 259]]

 [[538 258]]

 [[539 257]]

 [[540 256]]

 [[540 255]]

 [[541 254]]

 [[541 253]]

 [[542 252]]

 [[543 251]]

 [[543 250]]

 [[544 249]]

 [[544 248]]

 [[545 247]]

 [[545 246]]

 [[546 245]]

 [[546 244]]

 [[546 243]]

 [[547 242]]

 [[547 241]]

 [[547 240]]

 [[547 239]]

 [[547 238]]

 [[547 237]]

 [[548 236]]

 [[548 235]]

 [[548 234]]

 [[548 233]]

 [[547 232]]

 [[547 231]]

 [[547 230]]

 [[547 229]]

 [[547 228]]

 [[546 227]]

 [[546 226]]

 [[546 225]]

 [[545 224]]

 [[545 223]]

 [[544 222]]

 [[544 221]]

 [[543 220]]

 [[542 219]]

 [[542 218]]

 [[541 217]]

 [[540 216]]

 [[539 215]]

 [[538 215]]

 [[537 214]]

 [[536 213]]

 [[535 212]]

 [[534 212]]

 [[533 211]]

 [[532 211]]

 [[531 210]]

 [[530 209]]

 [[529 209]]

 [[528 208]]

 [[527 207]]

 [[526 207]]

 [[525 206]]

 [[524 206]]

 [[523 205]]

 [[522 205]]

 [[521 204]]

 [[520 203]]

 [[519 203]]

 [[518 202]]

 [[517 201]]

 [[516 200]]

 [[515 200]]

 [[514 199]]

 [[513 199]]

 [[512 198]]

 [[511 197]]

 [[510 197]]

 [[509 196]]

 [[508 195]]

 [[507 195]]

 [[506 194]]

 [[505 194]]

 [[504 193]]

 [[503 192]]

 [[502 192]]

 [[501 191]]

 [[500 191]]

 [[499 190]]

 [[498 189]]

 [[497 189]]

 [[496 188]]

 [[495 187]]

 [[494 187]]

 [[493 186]]

 [[492 186]]

 [[491 185]]

 [[490 184]]

 [[489 184]]

 [[488 183]]

 [[487 182]]

 [[486 182]]

 [[485 181]]

 [[484 181]]

 [[483 180]]

 [[482 179]]

 [[481 179]]

 [[480 178]]

 [[479 177]]

 [[478 177]]

 [[477 176]]

 [[476 176]]

 [[475 175]]

 [[474 174]]

 [[473 174]]

 [[472 173]]

 [[471 172]]

 [[470 172]]

 [[469 171]]

 [[468 171]]

 [[467 170]]

 [[466 169]]

 [[465 169]]

 [[464 168]]

 [[463 167]]

 [[462 167]]

 [[461 166]]

 [[460 166]]

 [[459 165]]

 [[458 165]]

 [[457 164]]

 [[456 164]]

 [[455 163]]

 [[454 162]]

 [[453 161]]

 [[452 161]]

 [[451 160]]

 [[450 160]]

 [[449 159]]

 [[448 158]]

 [[447 158]]

 [[446 157]]

 [[445 156]]

 [[444 156]]

 [[443 155]]

 [[442 154]]

 [[441 154]]

 [[440 153]]

 [[439 152]]

 [[438 152]]

 [[437 151]]

 [[436 151]]

 [[435 150]]

 [[434 149]]

 [[433 149]]

 [[432 148]]

 [[431 148]]

 [[430 147]]

 [[429 146]]

 [[428 146]]

 [[427 145]]

 [[426 144]]

 [[425 144]]

 [[424 143]]

 [[423 143]]

 [[422 142]]

 [[421 141]]

 [[420 141]]

 [[419 140]]

 [[418 139]]

 [[417 139]]

 [[416 138]]

 [[415 138]]

 [[414 137]]

 [[413 136]]

 [[412 136]]

 [[411 135]]

 [[410 134]]

 [[409 134]]

 [[408 133]]

 [[407 132]]

 [[406 132]]

 [[405 131]]

 [[404 131]]

 [[403 130]]

 [[402 129]]

 [[401 129]]

 [[400 128]]

 [[399 127]]

 [[398 127]]

 [[397 126]]

 [[396 126]]

 [[395 125]]

 [[394 124]]

 [[393 124]]

 [[392 123]]

 [[391 122]]

 [[390 122]]

 [[389 121]]

 [[388 121]]

 [[387 120]]

 [[386 119]]

 [[385 119]]

 [[384 118]]

 [[383 117]]

 [[382 117]]

 [[381 116]]

 [[380 116]]

 [[379 115]]

 [[378 114]]

 [[377 114]]

 [[376 113]]

 [[375 112]]

 [[374 112]]

 [[373 111]]

 [[372 111]]

 [[371 110]]

 [[370 109]]

 [[369 109]]

 [[368 108]]

 [[367 107]]

 [[366 107]]

 [[365 106]]

 [[364 105]]

 [[363 105]]

 [[362 104]]

 [[361 104]]

 [[360 103]]

 [[359 102]]

 [[358 102]]

 [[357 101]]

 [[356 101]]

 [[355 100]]

 [[354  99]]

 [[353  99]]

 [[352  98]]

 [[351  97]]

 [[350  97]]

 [[349  96]]

 [[348  96]]

 [[347  95]]

 [[346  94]]

 [[345  94]]

 [[344  93]]

 [[343  92]]

 [[342  92]]

 [[341  91]]

 [[340  90]]

 [[339  90]]

 [[338  89]]

 [[337  89]]

 [[336  88]]

 [[335  87]]

 [[334  87]]

 [[333  86]]

 [[332  85]]

 [[331  85]]

 [[330  84]]

 [[329  84]]

 [[328  83]]

 [[327  82]]

 [[326  82]]

 [[325  81]]

 [[324  80]]

 [[323  80]]

 [[322  79]]

 [[321  79]]

 [[320  78]]

 [[319  77]]

 [[318  77]]

 [[317  76]]

 [[316  75]]

 [[315  75]]

 [[314  74]]

 [[313  74]]

 [[312  73]]

 [[311  72]]

 [[310  71]]

 [[309  71]]

 [[308  70]]

 [[307  70]]

 [[306  69]]

 [[305  69]]

 [[304  68]]

 [[303  67]]

 [[302  67]]

 [[301  66]]

 [[300  65]]

 [[299  65]]

 [[298  64]]

 [[297  63]]

 [[296  63]]

 [[295  62]]

 [[294  62]]

 [[293  61]]

 [[292  60]]

 [[291  60]]

 [[290  59]]

 [[289  58]]

 [[288  58]]

 [[287  57]]

 [[286  57]]

 [[285  56]]

 [[284  55]]

 [[283  55]]

 [[282  54]]

 [[281  53]]

 [[280  53]]

 [[279  52]]

 [[278  52]]

 [[277  51]]

 [[276  50]]

 [[275  50]]

 [[274  49]]

 [[273  48]]

 [[272  48]]

 [[271  47]]

 [[270  47]]

 [[269  46]]

 [[268  45]]

 [[267  45]]

 [[266  44]]

 [[265  44]]

 [[264  43]]

 [[263  42]]

 [[262  42]]

 [[261  41]]

 [[260  41]]

 [[259  40]]

 [[258  40]]

 [[257  39]]

 [[256  39]]

 [[255  38]]

 [[254  38]]

 [[253  38]]

 [[252  38]]

 [[251  37]]

 [[250  37]]

 [[249  37]]

 [[248  37]]

 [[247  37]]

 [[246  37]]

 [[245  37]]

 [[244  37]]][[[396 402]]

 [[397 401]]

 [[398 402]]

 [[397 403]]][[[409 394]]

 [[410 393]]

 [[411 393]]

 [[412 393]]

 [[413 393]]

 [[414 393]]

 [[415 393]]

 [[416 394]]

 [[417 394]]

 [[418 394]]

 [[419 394]]

 [[420 394]]

 [[421 395]]

 [[422 395]]

 [[423 396]]

 [[424 396]]

 [[425 397]]

 [[426 398]]

 [[427 399]]

 [[428 399]]

 [[429 400]]

 [[429 401]]

 [[430 402]]

 [[431 403]]

 [[432 404]]

 [[432 405]]

 [[433 406]]

 [[433 407]]

 [[434 408]]

 [[434 409]]

 [[435 410]]

 [[435 411]]

 [[435 412]]

 [[435 413]]

 [[435 414]]

 [[435 415]]

 [[435 416]]

 [[435 417]]

 [[435 418]]

 [[435 419]]

 [[435 420]]

 [[435 421]]

 [[435 422]]

 [[435 423]]

 [[434 424]]

 [[434 425]]

 [[433 426]]

 [[433 427]]

 [[432 428]]

 [[432 429]]

 [[431 430]]

 [[430 431]]

 [[429 432]]

 [[428 433]]

 [[427 434]]

 [[426 435]]

 [[425 436]]

 [[424 436]]

 [[423 437]]

 [[422 437]]

 [[421 437]]

 [[420 437]]

 [[419 436]]

 [[418 436]]

 [[417 436]]

 [[416 435]]

 [[416 434]]

 [[417 433]]

 [[418 432]]

 [[418 431]]

 [[418 430]]

 [[417 429]]

 [[416 428]]

 [[415 428]]

 [[414 427]]

 [[413 427]]

 [[412 426]]

 [[412 425]]

 [[411 425]]

 [[410 425]]

 [[409 425]]

 [[408 424]]

 [[407 424]]

 [[406 424]]

 [[405 423]]

 [[404 423]]

 [[403 422]]

 [[402 421]]

 [[401 420]]

 [[400 419]]

 [[400 418]]

 [[399 417]]

 [[399 416]]

 [[398 415]]

 [[398 414]]

 [[398 413]]

 [[398 412]]

 [[398 411]]

 [[398 410]]

 [[398 409]]

 [[399 408]]

 [[399 407]]

 [[400 406]]

 [[400 405]]

 [[401 404]]

 [[401 403]]

 [[400 402]]

 [[399 402]]

 [[398 402]]

 [[397 401]]

 [[397 400]]

 [[398 399]]

 [[399 398]]

 [[400 398]]

 [[401 397]]

 [[402 396]]

 [[403 395]]

 [[404 395]]

 [[405 395]]

 [[406 394]]

 [[407 394]]

 [[408 394]]][[[313 333]]

 [[314 332]]

 [[315 332]]

 [[316 332]]

 [[317 332]]

 [[318 332]]

 [[319 332]]

 [[320 332]]

 [[321 332]]

 [[322 332]]

 [[323 332]]

 [[324 333]]

 [[325 333]]

 [[326 334]]

 [[327 334]]

 [[328 335]]

 [[329 336]]

 [[330 337]]

 [[331 338]]

 [[332 339]]

 [[332 340]]

 [[333 341]]

 [[333 342]]

 [[333 343]]

 [[334 344]]

 [[334 345]]

 [[334 346]]

 [[334 347]]

 [[334 348]]

 [[334 349]]

 [[334 350]]

 [[334 351]]

 [[333 352]]

 [[333 353]]

 [[333 354]]

 [[332 355]]

 [[332 356]]

 [[331 357]]

 [[330 358]]

 [[329 359]]

 [[328 360]]

 [[327 360]]

 [[326 361]]

 [[325 361]]

 [[324 362]]

 [[323 362]]

 [[322 362]]

 [[321 362]]

 [[320 362]]

 [[319 362]]

 [[318 362]]

 [[317 362]]

 [[316 361]]

 [[315 361]]

 [[314 361]]

 [[313 360]]

 [[312 360]]

 [[311 359]]

 [[310 358]]

 [[309 357]]

 [[308 356]]

 [[307 355]]

 [[306 354]]

 [[305 353]]

 [[305 352]]

 [[305 351]]

 [[304 350]]

 [[304 349]]

 [[304 348]]

 [[304 347]]

 [[304 346]]

 [[304 345]]

 [[304 344]]

 [[304 343]]

 [[304 342]]

 [[305 341]]

 [[305 340]]

 [[306 339]]

 [[306 338]]

 [[307 337]]

 [[308 336]]

 [[309 335]]

 [[310 335]]

 [[311 334]]

 [[312 333]]][[[442 301]]

 [[443 300]]

 [[444 300]]

 [[445 300]]

 [[446 300]]

 [[447 300]]

 [[448 300]]

 [[449 300]]

 [[450 300]]

 [[451 300]]

 [[452 300]]

 [[453 300]]

 [[454 301]]

 [[455 301]]

 [[456 302]]

 [[457 303]]

 [[458 304]]

 [[459 305]]

 [[460 306]]

 [[461 307]]

 [[461 308]]

 [[462 309]]

 [[462 310]]

 [[462 311]]

 [[462 312]]

 [[463 313]]

 [[463 314]]

 [[463 315]]

 [[463 316]]

 [[462 317]]

 [[462 318]]

 [[462 319]]

 [[462 320]]

 [[461 321]]

 [[460 322]]

 [[460 323]]

 [[459 324]]

 [[458 325]]

 [[457 326]]

 [[456 327]]

 [[455 327]]

 [[454 328]]

 [[453 328]]

 [[452 328]]

 [[451 329]]

 [[450 329]]

 [[449 329]]

 [[448 329]]

 [[447 329]]

 [[446 328]]

 [[445 328]]

 [[444 328]]

 [[443 328]]

 [[442 327]]

 [[441 327]]

 [[440 326]]

 [[439 325]]

 [[438 324]]

 [[437 323]]

 [[436 322]]

 [[435 321]]

 [[435 320]]

 [[434 319]]

 [[434 318]]

 [[434 317]]

 [[434 316]]

 [[434 315]]

 [[434 314]]

 [[434 313]]

 [[434 312]]

 [[434 311]]

 [[434 310]]

 [[434 309]]

 [[435 308]]

 [[435 307]]

 [[436 306]]

 [[437 305]]

 [[438 304]]

 [[439 303]]

 [[440 302]]

 [[441 301]]][[[360 231]]

 [[361 230]]

 [[362 230]]

 [[363 230]]

 [[364 230]]

 [[365 230]]

 [[366 230]]

 [[367 230]]

 [[368 230]]

 [[369 230]]

 [[370 230]]

 [[371 230]]

 [[372 230]]

 [[373 230]]

 [[374 230]]

 [[375 231]]

 [[376 231]]

 [[377 231]]

 [[378 231]]

 [[379 232]]

 [[380 232]]

 [[381 233]]

 [[382 233]]

 [[383 234]]

 [[384 234]]

 [[385 235]]

 [[386 235]]

 [[387 236]]

 [[388 237]]

 [[389 237]]

 [[390 238]]

 [[391 239]]

 [[392 240]]

 [[393 241]]

 [[394 242]]

 [[395 243]]

 [[396 244]]

 [[396 245]]

 [[397 246]]

 [[398 247]]

 [[398 248]]

 [[399 249]]

 [[399 250]]

 [[400 251]]

 [[400 252]]

 [[401 253]]

 [[401 254]]

 [[401 255]]

 [[402 256]]

 [[402 257]]

 [[402 258]]

 [[402 259]]

 [[403 260]]

 [[403 261]]

 [[403 262]]

 [[403 263]]

 [[403 264]]

 [[403 265]]

 [[403 266]]

 [[403 267]]

 [[403 268]]

 [[403 269]]

 [[403 270]]

 [[403 271]]

 [[402 272]]

 [[402 273]]

 [[402 274]]

 [[402 275]]

 [[401 276]]

 [[401 277]]

 [[401 278]]

 [[400 279]]

 [[400 280]]

 [[400 281]]

 [[399 282]]

 [[398 283]]

 [[398 284]]

 [[397 285]]

 [[397 286]]

 [[396 287]]

 [[395 288]]

 [[394 289]]

 [[393 290]]

 [[392 291]]

 [[391 292]]

 [[390 293]]

 [[389 294]]

 [[388 295]]

 [[387 296]]

 [[386 296]]

 [[385 297]]

 [[384 298]]

 [[383 298]]

 [[382 299]]

 [[381 299]]

 [[380 299]]

 [[379 300]]

 [[378 300]]

 [[377 301]]

 [[376 301]]

 [[375 301]]

 [[374 301]]

 [[373 301]]

 [[372 302]]

 [[371 302]]

 [[370 302]]

 [[369 302]]

 [[368 302]]

 [[367 302]]

 [[366 302]]

 [[365 302]]

 [[364 302]]

 [[363 302]]

 [[362 301]]

 [[361 301]]

 [[360 301]]

 [[359 301]]

 [[358 301]]

 [[357 300]]

 [[356 300]]

 [[355 300]]

 [[354 299]]

 [[353 299]]

 [[352 298]]

 [[351 298]]

 [[350 297]]

 [[349 297]]

 [[348 296]]

 [[347 295]]

 [[346 295]]

 [[345 294]]

 [[344 293]]

 [[343 292]]

 [[342 291]]

 [[341 290]]

 [[340 289]]

 [[339 288]]

 [[338 287]]

 [[338 286]]

 [[337 285]]

 [[337 284]]

 [[336 283]]

 [[336 282]]

 [[335 281]]

 [[335 280]]

 [[334 279]]

 [[334 278]]

 [[334 277]]

 [[333 276]]

 [[333 275]]

 [[333 274]]

 [[332 273]]

 [[332 272]]

 [[332 271]]

 [[332 270]]

 [[332 269]]

 [[332 268]]

 [[332 267]]

 [[332 266]]

 [[332 265]]

 [[332 264]]

 [[332 263]]

 [[332 262]]

 [[332 261]]

 [[332 260]]

 [[333 259]]

 [[333 258]]

 [[333 257]]

 [[333 256]]

 [[334 255]]

 [[334 254]]

 [[334 253]]

 [[335 252]]

 [[335 251]]

 [[336 250]]

 [[336 249]]

 [[336 248]]

 [[337 247]]

 [[338 246]]

 [[338 245]]

 [[339 244]]

 [[340 243]]

 [[341 242]]

 [[342 241]]

 [[343 240]]

 [[344 239]]

 [[345 238]]

 [[346 237]]

 [[347 236]]

 [[348 235]]

 [[349 235]]

 [[350 234]]

 [[351 234]]

 [[352 233]]

 [[353 233]]

 [[354 232]]

 [[355 232]]

 [[356 231]]

 [[357 231]]

 [[358 231]]

 [[359 231]]][[[128 229]]

 [[129 228]]

 [[130 228]]

 [[131 228]]

 [[132 228]]

 [[133 228]]

 [[134 228]]

 [[135 228]]

 [[136 228]]

 [[137 228]]

 [[138 228]]

 [[139 228]]

 [[140 229]]

 [[141 229]]

 [[142 229]]

 [[143 230]]

 [[144 230]]

 [[145 231]]

 [[146 231]]

 [[147 232]]

 [[148 233]]

 [[149 234]]

 [[150 234]]

 [[151 235]]

 [[152 236]]

 [[152 237]]

 [[153 238]]

 [[154 239]]

 [[155 240]]

 [[155 241]]

 [[156 242]]

 [[156 243]]

 [[157 244]]

 [[157 245]]

 [[157 246]]

 [[158 247]]

 [[158 248]]

 [[158 249]]

 [[158 250]]

 [[158 251]]

 [[158 252]]

 [[158 253]]

 [[158 254]]

 [[158 255]]

 [[158 256]]

 [[158 257]]

 [[158 258]]

 [[157 259]]

 [[157 260]]

 [[157 261]]

 [[156 262]]

 [[156 263]]

 [[155 264]]

 [[155 265]]

 [[154 266]]

 [[154 267]]

 [[153 268]]

 [[152 269]]

 [[151 270]]

 [[150 271]]

 [[149 272]]

 [[148 272]]

 [[147 273]]

 [[146 274]]

 [[145 274]]

 [[144 275]]

 [[143 275]]

 [[142 275]]

 [[141 275]]

 [[140 275]]

 [[139 275]]

 [[138 275]]

 [[137 274]]

 [[138 273]]

 [[139 272]]

 [[140 271]]

 [[141 270]]

 [[140 269]]

 [[139 268]]

 [[139 267]]

 [[139 266]]

 [[138 265]]

 [[137 265]]

 [[136 265]]

 [[135 265]]

 [[134 264]]

 [[133 264]]

 [[132 264]]

 [[131 263]]

 [[130 262]]

 [[129 261]]

 [[128 260]]

 [[127 259]]

 [[126 258]]

 [[126 257]]

 [[125 256]]

 [[125 255]]

 [[125 254]]

 [[125 253]]

 [[124 252]]

 [[124 251]]

 [[124 250]]

 [[124 249]]

 [[125 248]]

 [[125 247]]

 [[125 246]]

 [[126 245]]

 [[126 244]]

 [[127 243]]

 [[128 242]]

 [[129 241]]

 [[130 240]]

 [[131 240]]

 [[131 239]]

 [[131 238]]

 [[130 237]]

 [[129 236]]

 [[130 235]]

 [[130 234]]

 [[129 234]]

 [[128 233]]

 [[127 233]]

 [[126 233]]

 [[125 232]]

 [[124 231]]

 [[125 230]]

 [[126 229]]

 [[127 229]]][[[517 213]]

 [[518 212]]

 [[519 212]]

 [[520 212]]

 [[521 212]]

 [[522 212]]

 [[523 212]]

 [[524 212]]

 [[525 212]]

 [[526 212]]

 [[527 212]]

 [[528 212]]

 [[529 213]]

 [[530 213]]

 [[531 213]]

 [[532 214]]

 [[533 214]]

 [[534 215]]

 [[535 216]]

 [[536 216]]

 [[537 217]]

 [[538 218]]

 [[539 219]]

 [[540 220]]

 [[540 221]]

 [[541 222]]

 [[542 223]]

 [[542 224]]

 [[543 225]]

 [[543 226]]

 [[544 227]]

 [[544 228]]

 [[544 229]]

 [[545 230]]

 [[545 231]]

 [[545 232]]

 [[545 233]]

 [[545 234]]

 [[545 235]]

 [[545 236]]

 [[545 237]]

 [[545 238]]

 [[545 239]]

 [[544 240]]

 [[544 241]]

 [[544 242]]

 [[543 243]]

 [[543 244]]

 [[542 245]]

 [[542 246]]

 [[541 247]]

 [[540 248]]

 [[540 249]]

 [[539 250]]

 [[538 251]]

 [[537 252]]

 [[536 253]]

 [[535 253]]

 [[534 254]]

 [[533 254]]

 [[532 254]]

 [[531 253]]

 [[530 252]]

 [[530 251]]

 [[529 250]]

 [[528 249]]

 [[527 248]]

 [[526 248]]

 [[525 248]]

 [[524 248]]

 [[523 247]]

 [[522 246]]

 [[521 246]]

 [[520 246]]

 [[519 246]]

 [[518 246]]

 [[517 246]]

 [[516 246]]

 [[515 246]]

 [[514 245]]

 [[513 245]]

 [[512 244]]

 [[511 244]]

 [[510 243]]

 [[509 242]]

 [[509 241]]

 [[508 240]]

 [[508 239]]

 [[507 238]]

 [[507 237]]

 [[507 236]]

 [[507 235]]

 [[507 234]]

 [[507 233]]

 [[507 232]]

 [[507 231]]

 [[507 230]]

 [[508 229]]

 [[508 228]]

 [[509 227]]

 [[510 226]]

 [[511 225]]

 [[512 224]]

 [[513 223]]

 [[513 222]]

 [[513 221]]

 [[514 220]]

 [[514 219]]

 [[514 218]]

 [[514 217]]

 [[513 216]]

 [[513 215]]

 [[514 214]]

 [[515 213]]

 [[516 213]]][[[284 201]]

 [[285 200]]

 [[286 200]]

 [[287 200]]

 [[288 200]]

 [[289 201]]

 [[290 201]]

 [[291 202]]

 [[292 202]]

 [[293 203]]

 [[294 203]]

 [[295 204]]

 [[296 205]]

 [[297 206]]

 [[298 207]]

 [[299 208]]

 [[299 209]]

 [[300 210]]

 [[300 211]]

 [[301 212]]

 [[301 213]]

 [[301 214]]

 [[301 215]]

 [[301 216]]

 [[301 217]]

 [[301 218]]

 [[301 219]]

 [[301 220]]

 [[301 221]]

 [[300 222]]

 [[300 223]]

 [[299 224]]

 [[299 225]]

 [[298 226]]

 [[297 227]]

 [[296 228]]

 [[295 229]]

 [[294 230]]

 [[293 230]]

 [[292 231]]

 [[291 231]]

 [[290 231]]

 [[289 231]]

 [[288 232]]

 [[287 232]]

 [[286 232]]

 [[285 232]]

 [[284 231]]

 [[283 231]]

 [[282 231]]

 [[281 231]]

 [[280 230]]

 [[279 230]]

 [[278 229]]

 [[277 228]]

 [[276 227]]

 [[275 226]]

 [[274 225]]

 [[274 224]]

 [[273 223]]

 [[273 222]]

 [[272 221]]

 [[272 220]]

 [[272 219]]

 [[272 218]]

 [[272 217]]

 [[271 216]]

 [[271 215]]

 [[271 214]]

 [[272 213]]

 [[272 212]]

 [[272 211]]

 [[273 210]]

 [[273 209]]

 [[274 208]]

 [[274 207]]

 [[275 206]]

 [[276 205]]

 [[277 204]]

 [[278 203]]

 [[279 202]]

 [[280 202]]

 [[281 201]]

 [[282 201]]

 [[283 201]]][[[413 170]]

 [[414 169]]

 [[415 169]]

 [[416 169]]

 [[417 169]]

 [[418 169]]

 [[419 169]]

 [[420 169]]

 [[421 169]]

 [[422 169]]

 [[423 170]]

 [[424 170]]

 [[425 171]]

 [[426 172]]

 [[427 172]]

 [[428 173]]

 [[428 174]]

 [[429 175]]

 [[430 176]]

 [[431 177]]

 [[431 178]]

 [[431 179]]

 [[432 180]]

 [[432 181]]

 [[432 182]]

 [[432 183]]

 [[432 184]]

 [[432 185]]

 [[432 186]]

 [[432 187]]

 [[431 188]]

 [[431 189]]

 [[431 190]]

 [[430 191]]

 [[430 192]]

 [[429 193]]

 [[428 194]]

 [[427 195]]

 [[426 196]]

 [[425 197]]

 [[424 197]]

 [[423 198]]

 [[422 198]]

 [[421 199]]

 [[420 199]]

 [[419 199]]

 [[418 199]]

 [[417 199]]

 [[416 199]]

 [[415 199]]

 [[414 199]]

 [[413 199]]

 [[412 198]]

 [[411 198]]

 [[410 197]]

 [[409 196]]

 [[408 195]]

 [[407 194]]

 [[406 193]]

 [[405 192]]

 [[404 191]]

 [[404 190]]

 [[404 189]]

 [[403 188]]

 [[403 187]]

 [[403 186]]

 [[403 185]]

 [[403 184]]

 [[403 183]]

 [[403 182]]

 [[403 181]]

 [[403 180]]

 [[404 179]]

 [[404 178]]

 [[404 177]]

 [[405 176]]

 [[406 175]]

 [[407 174]]

 [[408 173]]

 [[409 172]]

 [[410 171]]

 [[411 170]]

 [[412 170]]][[[246  40]]

 [[247  39]]

 [[248  39]]

 [[249  40]]

 [[250  40]]

 [[251  40]]

 [[252  40]]

 [[253  40]]

 [[254  40]]

 [[255  41]]

 [[256  41]]

 [[257  42]]

 [[258  42]]

 [[259  43]]

 [[260  43]]

 [[261  44]]

 [[262  45]]

 [[263  46]]

 [[264  47]]

 [[265  48]]

 [[266  49]]

 [[267  50]]

 [[267  51]]

 [[268  52]]

 [[269  53]]

 [[269  54]]

 [[269  55]]

 [[270  56]]

 [[270  57]]

 [[270  58]]

 [[271  59]]

 [[271  60]]

 [[271  61]]

 [[271  62]]

 [[271  63]]

 [[271  64]]

 [[271  65]]

 [[271  66]]

 [[271  67]]

 [[271  68]]

 [[271  69]]

 [[271  70]]

 [[270  71]]

 [[270  72]]

 [[270  73]]

 [[269  74]]

 [[269  75]]

 [[268  76]]

 [[268  77]]

 [[267  78]]

 [[266  79]]

 [[265  80]]

 [[264  81]]

 [[263  82]]

 [[262  83]]

 [[261  84]]

 [[260  84]]

 [[259  85]]

 [[258  86]]

 [[257  86]]

 [[256  86]]

 [[255  86]]

 [[254  87]]

 [[253  87]]

 [[252  86]]

 [[252  85]]

 [[252  84]]

 [[252  83]]

 [[252  82]]

 [[251  81]]

 [[250  81]]

 [[249  80]]

 [[248  80]]

 [[247  80]]

 [[246  80]]

 [[245  79]]

 [[244  79]]

 [[243  78]]

 [[242  78]]

 [[241  77]]

 [[240  76]]

 [[239  75]]

 [[238  74]]

 [[238  73]]

 [[237  72]]

 [[237  71]]

 [[237  70]]

 [[237  69]]

 [[236  68]]

 [[236  67]]

 [[236  66]]

 [[236  65]]

 [[237  64]]

 [[237  63]]

 [[237  62]]

 [[237  61]]

 [[238  60]]

 [[239  59]]

 [[239  58]]

 [[240  57]]

 [[241  56]]

 [[242  56]]

 [[243  55]]

 [[244  55]]

 [[245  55]]

 [[246  54]]

 [[245  53]]

 [[245  52]]

 [[246  51]]

 [[247  50]]

 [[247  49]]

 [[247  48]]

 [[246  47]]

 [[246  46]]

 [[245  45]]

 [[244  44]]

 [[243  43]]

 [[242  42]]

 [[243  41]]

 [[244  40]]

 [[245  40]]]361928361641313536352621472020331345263638313318